2022 1 1 0 80 80 10120 180 35 1 0 0
2022 1 1 1 85 80 10120 180 35 1 0 0
2022 1 1 2 90 80 10120 180 35 1 0 0
2022 1 1 3 95 80 10120 180 35 1 0 0
2022 1 1 4 100 80 10120 180 35 1 0 0
2022 1 1 5 105 80 10120 180 35 1 0 0
2022 1 1 6 110 80 10120 180 35 1 0 0
2022 1 1 7 115 80 10120 180 35 1 0 0
2022 1 1 8 120 80 10120 180 35 1 0 0
2022 1 1 9 125 80 10120 180 35 1 0 0
2022 1 1 10 130 80 10120 180 35 1 0 0
2022 1 1 11 135 80 10120 180 35 1 0 0
2022 1 1 12 140 80 10120 180 35 1 0 0
2022 1 1 13 145 80 10120 180 35 1 0 0
2022 1 1 14 150 80 10120 180 35 1 0 0
2022 1 1 15 155 80 10120 180 35 1 0 0
2022 1 1 16 160 80 10120 180 35 1 0 0
2022 1 1 17 165 80 10120 180 35 1 0 0
2022 1 1 18 170 80 10120 180 35 1 0 0
2022 1 1 19 175 80 10120 180 35 1 0 0
2022 1 1 20 180 80 10120 180 35 1 0 0
2022 1 1 21 185 80 10120 180 35 1 0 0
2022 1 1 22 190 80 10120 180 35 1 0 0
2022 1 1 23 195 80 10120 180 35 1 0 0
2022 1 2 0 80 80 10120 180 35 1 0 0
2022 1 2 1 85 80 10120 180 35 1 0 0
2022 1 2 2 90 80 10120 180 35 1 0 0
2022 1 2 3 95 80 10120 180 35 1 0 0
2022 1 2 4 100 80 10120 180 35 1 0 0
2022 1 2 5 105 80 10120 180 35 1 0 0
2022 1 2 6 110 80 10120 180 35 1 0 0
2022 1 2 7 115 80 10120 180 35 1 0 0
2022 1 2 8 120 80 10120 180 35 1 0 0
2022 1 2 9 125 80 10120 180 35 1 0 0
2022 1 2 10 130 80 10120 180 35 1 0 0
2022 1 2 11 135 80 10120 180 35 1 0 0
2022 1 2 12 140 80 10120 180 35 1 0 0
2022 1 2 13 145 80 10120 180 35 1 0 0
2022 1 2 14 150 80 10120 180 35 1 0 0
2022 1 2 15 155 80 10120 180 35 1 0 0
2022 1 2 16 160 80 10120 180 35 1 0 0
2022 1 2 17 165 80 10120 180 35 1 0 0
2022 1 2 18 170 80 10120 180 35 1 0 0
2022 1 2 19 175 80 10120 180 35 1 0 0
2022 1 2 20 180 80 10120 180 35 1 0 0
2022 1 2 21 185 80 10120 180 35 1 0 0
2022 1 2 22 190 80 10120 180 35 1 0 0
2022 1 2 23 195 80 10120 180 35 1 0 0
2022 1 3 0 80 80 10120 180 35 1 0 0
2022 1 3 1 85 80 10120 180 35 1 0 0
2022 1 3 2 90 80 10120 180 35 1 0 0
2022 1 3 3 95 80 10120 180 35 1 0 0
2022 1 3 4 100 80 10120 180 35 1 0 0
2022 1 3 5 105 80 10120 180 35 1 0 0
2022 1 3 6 110 80 10120 180 35 1 0 0
2022 1 3 7 115 80 10120 180 35 1 0 0
2022 1 3 8 120 80 10120 180 35 1 0 0
2022 1 3 9 125 80 10120 180 35 1 0 0
2022 1 3 10 130 80 10120 180 35 1 0 0
2022 1 3 11 135 80 10120 180 35 1 0 0
2022 1 3 12 140 80 10120 180 35 1 0 0
2022 1 3 13 145 80 10120 180 35 1 0 0
2022 1 3 14 150 80 10120 180 35 1 0 0
2022 1 3 15 155 80 10120 180 35 1 0 0
2022 1 3 16 160 80 10120 180 35 1 0 0
2022 1 3 17 165 80 10120 180 35 1 0 0
2022 1 3 18 170 80 10120 180 35 1 0 0
2022 1 3 19 175 80 10120 180 35 1 0 0
2022 1 3 20 180 80 10120 180 35 1 0 0
2022 1 3 21 185 80 10120 180 35 1 0 0
2022 1 3 22 190 80 10120 180 35 1 0 0
2022 1 3 23 195 80 10120 180 35 1 0 0
